+---------------+---------+---------------+------------+-------------+--------------------------------------------------+----------------------+-----+
| Learning Rate | N-Grams | Unk Threshold | Num Epochs | Hidden Size | Pretrained Embedding                             | Accuracy on Test Set | Run |
+---------------+---------+---------------+------------+-------------+--------------------------------------------------+----------------------+-----+
| 0.1           | 2       | 0             | 2          | 100         | None                                             | 0.6665               | 1   |
| 0.1           | 2       | 1             | 2          | 100         | None                                             | 0.6665               | 2   |
| 0.1           | 2       | 2             | 2          | 100         | None                                             | 0.674                | 3   |
| 0.1           | 2       | 3             | 2          | 100         | None                                             | 0.672                | 4   |
| 0.1           | 2       | 0             | 5          | 100         | None                                             | 0.7765               | 5   |
| 0.1           | 2       | 1             | 5          | 100         | None                                             | 0.7765               | 6   |
| 0.1           | 2       | 2             | 5          | 100         | None                                             | 0.7585               | 7   |
| 0.1           | 2       | 3             | 5          | 100         | None                                             | 0.727                | 8   |
| 0.1           | 2       | 0             | 8          | 100         | None                                             | ****0.813****        | 9   |
| 0.1           | 2       | 1             | 8          | 100         | None                                             | ****0.813****        | 10  |
| 0.1           | 2       | 2             | 8          | 100         | None                                             | 0.784                | 11  |
| 0.1           | 2       | 3             | 8          | 100         | None                                             | 0.757                | 12  |
| 0.1           | 2       | 0             | 2          | 300         | None                                             | 0.7785               | 13  |
| 0.1           | 2       | 1             | 2          | 300         | None                                             | 0.7785               | 14  |
| 0.1           | 2       | 2             | 2          | 300         | None                                             | 0.682                | 15  |
| 0.1           | 2       | 3             | 2          | 300         | None                                             | 0.6575               | 16  |
| 0.1           | 2       | 0             | 5          | 300         | None                                             | ****0.818****        | 17  |
| 0.1           | 2       | 1             | 5          | 300         | None                                             | ****0.818****        | 18  |
| 0.1           | 2       | 2             | 5          | 300         | None                                             | 0.764                | 19  |
| 0.1           | 2       | 3             | 5          | 300         | None                                             | 0.7085               | 20  |
| 0.1           | 2       | 0             | 8          | 300         | None                                             | ****0.846****        | 21  |
| 0.1           | 2       | 1             | 8          | 300         | None                                             | ****0.846****        | 22  |
| 0.1           | 2       | 2             | 8          | 300         | None                                             | 0.778                | 23  |
| 0.1           | 2       | 3             | 8          | 300         | None                                             | 0.7385               | 24  |
| 0.1           | 3       | 0             | 2          | 100         | None                                             | 0.6125               | 25  |
| 0.1           | 3       | 1             | 2          | 100         | None                                             | 0.6125               | 26  |
| 0.1           | 3       | 2             | 2          | 100         | None                                             | 0.667                | 27  |
| 0.1           | 3       | 3             | 2          | 100         | None                                             | 0.661                | 28  |
| 0.1           | 3       | 0             | 5          | 100         | None                                             | 0.723                | 29  |
| 0.1           | 3       | 1             | 5          | 100         | None                                             | 0.723                | 30  |
| 0.1           | 3       | 2             | 5          | 100         | None                                             | 0.7325               | 31  |
| 0.1           | 3       | 3             | 5          | 100         | None                                             | 0.733                | 32  |
| 0.1           | 3       | 0             | 8          | 100         | None                                             | 0.797                | 33  |
| 0.1           | 3       | 1             | 8          | 100         | None                                             | 0.797                | 34  |
| 0.1           | 3       | 2             | 8          | 100         | None                                             | 0.739                | 35  |
| 0.1           | 3       | 3             | 8          | 100         | None                                             | 0.758                | 36  |
| 0.1           | 3       | 0             | 2          | 300         | None                                             | 0.7415               | 37  |
| 0.1           | 3       | 1             | 2          | 300         | None                                             | 0.7415               | 38  |
| 0.1           | 3       | 2             | 2          | 300         | None                                             | 0.6595               | 39  |
| 0.1           | 3       | 3             | 2          | 300         | None                                             | 0.6765               | 40  |
| 0.1           | 3       | 0             | 5          | 300         | None                                             | ****0.8105****       | 41  |
| 0.1           | 3       | 1             | 5          | 300         | None                                             | ****0.8105****       | 42  |
| 0.1           | 3       | 2             | 5          | 300         | None                                             | 0.7105               | 43  |
| 0.1           | 3       | 3             | 5          | 300         | None                                             | 0.7225               | 44  |
| 0.1           | 3       | 0             | 8          | 300         | None                                             | ****0.826****        | 45  |
| 0.1           | 3       | 1             | 8          | 300         | None                                             | ****0.826****        | 46  |
| 0.1           | 3       | 2             | 8          | 300         | None                                             | 0.761                | 47  |
| 0.1           | 3       | 3             | 8          | 300         | None                                             | 0.7395               | 48  |
| 0.1           | 4       | 0             | 2          | 100         | None                                             | 0.643                | 49  |
| 0.1           | 4       | 1             | 2          | 100         | None                                             | 0.643                | 50  |
| 0.1           | 4       | 2             | 2          | 100         | None                                             | 0.649                | 51  |
| 0.1           | 4       | 3             | 2          | 100         | None                                             | 0.6545               | 52  |
| 0.1           | 4       | 0             | 5          | 100         | None                                             | 0.751                | 53  |
| 0.1           | 4       | 1             | 5          | 100         | None                                             | 0.751                | 54  |
| 0.1           | 4       | 2             | 5          | 100         | None                                             | 0.736                | 55  |
| 0.1           | 4       | 3             | 5          | 100         | None                                             | 0.726                | 56  |
| 0.1           | 4       | 0             | 8          | 100         | None                                             | 0.729                | 57  |
| 0.1           | 4       | 1             | 8          | 100         | None                                             | 0.729                | 58  |
| 0.1           | 4       | 2             | 8          | 100         | None                                             | 0.734                | 59  |
| 0.1           | 4       | 3             | 8          | 100         | None                                             | 0.755                | 60  |
| 0.1           | 4       | 0             | 2          | 300         | None                                             | 0.7565               | 61  |
| 0.1           | 4       | 1             | 2          | 300         | None                                             | 0.7565               | 62  |
| 0.1           | 4       | 2             | 2          | 300         | None                                             | 0.658                | 63  |
| 0.1           | 4       | 3             | 2          | 300         | None                                             | 0.665                | 64  |
| 0.1           | 4       | 0             | 5          | 300         | None                                             | ****0.824****        | 65  |
| 0.1           | 4       | 1             | 5          | 300         | None                                             | ****0.824****        | 66  |
| 0.1           | 4       | 2             | 5          | 300         | None                                             | 0.719                | 67  |
| 0.1           | 4       | 3             | 5          | 300         | None                                             | 0.7235               | 68  |
| 0.1           | 4       | 0             | 8          | 300         | None                                             | ****0.8485****       | 69  |
| 0.1           | 4       | 1             | 8          | 300         | None                                             | ****0.8485****       | 70  |
| 0.1           | 4       | 2             | 8          | 300         | None                                             | 0.7325               | 71  |
| 0.1           | 4       | 3             | 8          | 300         | None                                             | 0.7385               | 72  |
| 0.1           | 1       | 0             | 2          | 50          | pretrained_embeddings/glove-wiki-gigaword-50.txt | ****0.8725****       | 73  |
| 0.1           | 1       | 0             | 2          | 300         | pretrained_embeddings/fasttext300d.vec           | 0.755                | 74  |
| 0.1           | 1       | 1             | 2          | 50          | pretrained_embeddings/glove-wiki-gigaword-50.txt | ****0.8725****       | 75  |
| 0.1           | 1       | 1             | 2          | 300         | pretrained_embeddings/fasttext300d.vec           | 0.755                | 76  |
| 0.25          | 1       | 2             | 5          | 50          | pretrained_embeddings/glove-wiki-gigaword-50.txt | ****0.856****        | 77  |
+---------------+---------+---------------+------------+-------------+--------------------------------------------------+----------------------+-----+